86 29
88 36
67 52
32 80
82 54
121 58
34 80
113 39
35 65
89 41
84 93
19 39
67 89
89 48
87 52
90 82
50 59
73 59
90 36
96 92
90 102
32 62
77 43
83 36
45 53
33 65
28 59
56 31
22 7
46 42
112 70
27 74
28 68
40 128
52 43
114 66
56 78
98 56
121 16
42 8
98 52
80 82
85 75
52 60
31 82
72 18
34 98
27 121
8 73
24 54
88 109
52 13
65 111
18 88
34 114
76 119
23 94
39 60
99 31
106 10
27 67
124 78
110 46
27 88
70 41
52 71
19 72
39 33
64 54
72 95
94 48
102 35
48 54
49 33
64 21
69 117
59 109
56 56
91 14
36 68
73 41
96 71
15 38
76 82
3 72
39 66
124 68
34 116
106 27
67 80
71 52
85 60
121 79
12 43
68 24
46 98
97 3
105 82
97 1
124 74
45 72
41 126
11 21
56 71
19 64
63 80
35 123
26 53
124 66
11 27
94 3
114 52
90 52
104 3
20 38
68 25
37 78
99 56
19 45
90 33
90 95
85 78
46 74
114 79
74 116
113 70
52 42
54 41
42 72
19 68
22 88
83 18
16 117
82 49
1 34
69 3
50 53
13 88
74 80
96 56
96 48
96 81
16 28
78 52
117 82
124 93
23 88
80 40
47 80
12 50
106 17
124 97
40 116
70 52
32 15
108 109
99 11
6 29
68 31
34 88
98 120
83 70
109 62
30 59
124 72
42 57
70 18
1 20
83 14
13 71
43 126
75 33
121 70
105 53
90 109
67 53
43 98
110 109
56 67
20 88
8 67
82 36
109 46
52 21
71 14
75 31
64 56
52 70
118 1
56 80
96 111
62 119
77 44
77 18
113 58
16 104
5 79
64 25
40 114
29 88
52 25
48 40
59 80
114 104
87 33
121 39
115 46
5 70
74 41
31 127
39 56
88 33
114 93
85 57
87 40
68 3
24 94
81 98
15 43
121 27
48 59
34 68
28 33
48 56
68 27
83 95
86 17
39 94
100 5
28 13
65 31
102 33
100 25
102 31
95 40
45 21
109 50
41 124
124 104
105 66
55 109
39 62
70 83
27 63
41 120
71 103
86 27
114 117
30 126
80 14
85 40
61 113
54 40
112 31
78 40
24 11
19 52
77 59
20 94
39 47
90 18
100 70
93 31
12 64
105 33
75 3
32 98
100 56
67 41
105 50
81 80
88 48
87 126
70 102
98 109
73 33
114 82
9 50
98 89
107 1
52 99
20 44
37 122
86 48
31 123
47 68
74 82
58 10
104 31
114 71
5 71
24 49
81 40
48 47
8 88
68 22
88 52
15 39
45 68
51 40
36 116
76 96
91 109
74 59
32 40
95 42
51 44
76 126
30 113
90 93
8 62
119 78
46 41
113 18
95 63
50 80
11 36
121 17
94 40
13 8
44 50
46 13
119 59
17 61
98 33
96 114
104 21
11 17
119 71
68 33
8 87
8 70
105 59
19 80
39 53
80 80
64 24
62 117
22 104
39 100
73 18
52 66
57 78
64 81
72 103
96 14
15 56
124 90
72 52
86 14
29 59
113 46
73 52
96 60
124 89
100 52
114 72
72 80
21 28
46 50
85 71
112 66
41 122
83 72
105 61
104 1
42 122
119 58
101 76
110 118
43 53
50 78
33 126
48 41
24 52
74 98
65 71
103 11
22 38
70 59
41 128
37 67
39 85
80 45
5 13
52 55
52 82
98 76
46 53
43 119
91 52
74 119
106 52
58 68
21 88
43 45
124 60
41 125
84 83
64 35
39 65
35 94
52 33
96 104
37 13
84 69
75 18
45 33
54 31
13 82
83 65
1 17
93 109
105 63
29 104
113 1
8 56
56 65
50 72
85 59
47 57
40 119
12 88
19 28
64 14
61 62
100 21
79 126
84 71
76 78
50 122
54 33
74 109
75 52
84 63
66 103
93 33
102 75
104 48
113 72
46 104
45 57
61 116
72 14
77 126
26 117
124 58
98 78
61 109
85 63
86 24
109 78
40 122
15 47
49 53
25 88
24 38
13 87
17 62
84 116
84 108
117 117
77 52
19 117
83 41
28 30
119 60
36 119
84 119
41 114
83 15
103 56
50 62
86 40
95 44
87 31
37 64
29 123
32 86
90 104
82 52
52 50
38 122
103 33
37 76
49 72
44 119
48 103
24 20
70 81
103 52
39 52
39 87
53 103
56 33
87 18
117 99
40 98
86 26
81 41
13 79
52 27
59 59
35 98
66 18
21 38
8 52
56 40
42 53
10 50
5 27
81 52
35 88
102 27
100 89
25 117
93 52
29 80
89 65
47 53
121 72
61 98
40 80
36 118
1 49
70 117
37 84
64 71
121 61
7 50
72 98
90 98
119 66
47 33
86 22
17 50
76 111
34 64
77 42
64 27
23 38
52 39
28 88
103 78
34 8
27 94
83 40
32 104
8 94
24 92
49 31
23 7
64 52
60 3
58 103
85 83
83 33
42 104
39 128
49 122
46 95
77 36
109 74
63 53
58 5
5 84
121 30
32 22
109 21
10 88
38 104
64 30
89 50
105 60
40 86
27 62
64 34
112 29
19 59
39 13
39 71
105 73
114 62
52 34
96 5
19 38
5 18
7 28
109 81
80 41
24 24
114 68
19 43
34 13
51 72
21 85
56 59
15 53
15 54
8 57
45 48
95 48
74 103
37 128
54 45
96 82
8 84
31 88
47 72
39 54
77 31
77 47
43 48
15 71
32 82
35 95
32 59
50 31
106 31
14 28
98 80
38 80
17 46
109 118
28 35
24 56
76 106
96 18
64 42
82 56
85 33
45 119
109 60
33 86
100 80
11 20
85 65
64 39
124 59
72 3
15 45
81 126
64 47
56 94
31 59
96 80
119 79
70 88
33 128
11 32
96 75
70 114
22 94
86 15
13 14
77 35
33 119
124 49
114 61
15 52
77 56
63 52
113 37
37 72
95 71
17 88
114 99
82 14
82 33
30 80
70 92
52 52
51 13
122 46
82 98
83 64
105 48
62 126
72 59
54 62
15 19
49 68
5 20
21 7
75 80
62 3
103 48
95 66
12 15
106 29
45 13
104 25
11 23
67 59
39 40
85 66
96 94
70 77
16 80
48 62
71 18
13 91
107 52
124 61
52 22
34 59
52 20
119 68
96 102
93 76
61 59
96 11
119 82
15 62
114 88
52 16
11 18
77 50
70 106
86 12
83 17
72 33
104 56
5 14
44 126
19 47
54 65
70 68
28 32
5 23
102 71
44 107
93 1
50 40
96 52
96 57
52 81
114 65
93 2
0 29
24 50
124 79
94 11
85 70
11 34
50 13
8 75
33 13
62 116
43 33
97 11
30 114
119 74
66 33
105 71
59 126
42 33
85 96
5 17
58 81
97 48
5 67
52 47
83 16
49 57
64 69
114 53
19 50
8 46
35 87
83 80
20 82
52 74
5 74
100 3
103 18
85 52
93 4
103 76
114 58
96 3
84 110
48 65
84 75
115 76
96 74
96 58
11 88
77 16
117 79
67 82
95 53
65 52
84 117
85 109
96 105
66 3
6 26
98 118
52 49
19 44
65 83
76 99
36 114
52 35
15 36
114 54
31 80
63 126
13 86
106 76
1 46
76 52
32 88
74 65
78 18
85 62
102 66
85 126
88 45
120 46
124 99
65 40
51 103
52 83
16 88
82 41
11 50
93 5
84 114
24 65
72 89
121 26
1 45
23 104
44 68
95 60
56 69
112 46
102 58
81 3
93 48
113 33
44 42
31 128
113 53
70 111
64 29
27 83
13 7
81 45
81 36
1 32
121 38
76 114
17 49
117 78
112 65
103 80
29 117
31 98
84 59
90 94
96 63
20 62
119 81
52 15
100 16
64 19
27 87
67 95
77 103
27 113
83 78
96 118
15 28
19 104
81 89
113 71
16 94
16 50
72 126
96 31
121 62
85 14
111 25
117 88
104 33
37 87
42 13
124 88
70 90
14 117
24 7
90 76
81 16
93 21
39 44
51 80
20 104
19 82
30 98
76 59
9 88
62 14
30 72
95 65
90 81
70 79
15 41
28 72
8 74
18 38
100 48
48 44
38 59
71 16
39 49
26 64
84 106
105 79
104 18
64 43
121 71
15 32
106 24
37 126
105 65
8 77
51 104
107 33
107 56
84 118
99 18
39 107
23 59
109 75
109 66
93 120
61 119
64 41
108 56
37 59
52 102
24 47
8 83
96 109
75 45
94 33
123 46
105 88
124 71
79 52
56 54
32 35
22 59
70 71
119 62
97 89
96 62
26 44
19 36
59 41
37 74
105 58
124 70
121 31
33 92
5 29
11 29
66 72
86 52
72 31
70 31
75 16
70 96
105 75
60 52
77 39
69 109
104 76
35 85
95 109
106 56
54 59
106 22
85 69
47 31
13 84
52 44
24 85
83 3
8 71
20 22
104 52
72 82
8 63
43 57
96 84
46 44
109 61
89 109
61 95
35 104
114 89
13 18
87 11
14 50
28 37
113 66
121 24
68 40
106 16
77 14
67 40
37 81
86 33
51 78
17 72
64 22
65 106
117 104
52 37
24 9
27 82
46 63
36 120
24 88
117 89
82 40
67 57
27 38
113 45
52 30
124 81
42 68
114 90
114 46
20 80
1 18
109 55
89 126
64 49
121 10
86 3
33 33
11 43
62 80
52 31
23 80
109 83
19 42
54 48
58 3
52 24
114 81
15 34
34 33
75 40
111 46
49 40
27 33
93 11
102 65
84 66
24 44
19 41
95 50
8 68
100 78
23 123
49 103
24 15
82 3
29 126
15 57
114 107
33 87
117 107
109 109
106 15
66 119
124 107
45 31
58 40
100 33
27 53
93 40
63 103
44 21
70 75
63 57
81 33
114 70
27 61
83 19
56 92
48 52
52 67
98 82
81 109
109 80
64 44
5 102
76 102
91 40
85 93
53 68
70 99
35 92
63 122
82 71
24 45
97 80
90 48
91 125
84 60
72 65
55 119
74 70
5 28
77 119
38 119
52 63
74 14
113 65
112 58
8 45
36 64
61 117
8 54
23 115
109 70
100 31
30 88
109 51
50 57
121 66
40 95
65 18
43 31
119 72
27 49
107 3
48 71
36 122
26 72
19 88
10 28
14 104
75 109
70 33
117 90
119 70
27 86
27 68
112 78
59 119
44 9
43 95
119 61
34 104
27 115
95 45
96 95
52 96
56 87
26 68
54 36
22 117
64 46
59 98
110 83
64 109
62 109
84 111
19 56
91 31
1 37
14 38
37 71
36 117
41 118
40 126
88 40
39 35
16 19
95 41
90 105
55 126
69 80
11 13
8 61
88 14
15 61
37 88
108 1
96 1
81 18
121 45
67 78
50 33
99 48
66 68
98 48
75 103
52 38
66 31
100 11
65 14
52 32
94 1
74 78
60 103
12 13
109 73
100 82
84 5
31 117
96 98
64 32
20 47
50 41
24 87
93 18
121 19
83 82
85 48
59 78
86 19
87 48
83 89
56 52
15 44
83 45
117 93
33 88
65 33
27 30
66 50
4 29
13 50
73 40
37 83
5 83
19 94
46 79
72 78
100 1
65 68
52 75
109 63
70 74
33 123
89 52
71 3
14 68
104 109
39 92
52 46
52 79
117 81
117 114
84 126
43 122
5 73
12 117
13 12
109 67
121 3
39 39
19 54
64 86
67 65
63 119
46 126
12 28
45 109
58 13
5 12
25 38
107 109
41 117
68 14
45 126
76 83
57 80
113 21
8 79
11 37
77 3
114 64
115 56
28 64
40 104
87 14
40 82
81 119
100 18
80 78
14 88
60 68
78 33
119 46
